2 0.5397 0.8599 0.4180 0.2783
1 0.7930 0.7705 0.1901 0.1348
2 0.4121 0.2515 0.1393 0.0889
2 0.8444 0.5312 0.1445 0.1426
1 0.2350 0.2866 0.0768 0.0674
2 0.3893 0.4980 0.3776 0.2285
2 0.5618 0.0718 0.1367 0.0615
2 0.0482 0.6665 0.0964 0.1494
2 0.9316 0.6743 0.1341 0.1689
2 0.8047 0.3291 0.1719 0.0469
2 0.3060 0.4473 0.2839 0.1699
1 0.0592 0.5425 0.1159 0.1025
1 0.6471 0.0820 0.0521 0.1621
2 0.5905 0.2319 0.1680 0.0791
2 0.7930 0.7700 0.1901 0.1338
1 0.8262 0.9316 0.1628 0.1367
1 0.6849 0.2461 0.0417 0.0879
2 0.5592 0.1299 0.1289 0.0703
2 0.2917 0.1406 0.1510 0.0527
1 0.7663 0.2354 0.0638 0.0449
