1 0.7305 0.6851 0.1484 0.1514
1 0.5814 0.6851 0.1445 0.1494
1 0.5625 0.5527 0.1146 0.1172
1 0.3477 0.5879 0.1250 0.1250
1 0.2930 0.4702 0.0677 0.1650
1 0.4023 0.6201 0.1354 0.0977
1 0.4883 0.4507 0.0938 0.0967
1 0.5059 0.3760 0.0820 0.0723
1 0.4525 0.4790 0.1003 0.0869
1 0.6009 0.4629 0.1003 0.0664
1 0.3340 0.2358 0.0560 0.0576
1 0.3848 0.3765 0.0846 0.0635
1 0.6732 0.1270 0.0625 0.0684
1 0.4108 0.3506 0.0794 0.0586
1 0.4030 0.3931 0.0898 0.0439
1 0.7116 0.3779 0.0846 0.0820
1 0.9440 0.1377 0.0859 0.0840
1 0.9440 0.1089 0.0781 0.0283
1 0.5723 0.2559 0.0612 0.0469
1 0.5632 0.3130 0.0716 0.0576
1 0.3659 0.3081 0.0703 0.0264
1 0.4238 0.5078 0.1081 0.0723
1 0.0879 0.7070 0.1602 0.1562
1 0.9303 0.7266 0.1393 0.1621
1 0.4688 0.5840 0.1198 0.1250
1 0.5436 0.3413 0.0742 0.0771
1 0.5202 0.2212 0.0508 0.0381
1 0.3757 0.3320 0.0768 0.0430
