2 0.6079 0.2116 0.0615 0.0846
2 0.5684 0.3522 0.0742 0.0378
2 0.1748 0.5352 0.1035 0.0833
2 0.6089 0.2643 0.1729 0.1276
2 0.1675 0.8255 0.1846 0.2214
2 0.6299 0.4902 0.1230 0.1237
2 0.2515 0.4629 0.0947 0.0794
1 0.7100 0.1842 0.0547 0.1810
1 0.7617 0.2318 0.0625 0.1953
2 0.3745 0.8411 0.2549 0.3021
1 0.4399 0.5586 0.1025 0.3281
2 0.5654 0.4154 0.1074 0.1042
1 0.8301 0.2552 0.0801 0.2292
2 0.1025 0.4479 0.2051 0.1693
2 0.6870 0.3516 0.1807 0.1667
2 0.4873 0.2884 0.0488 0.0690
2 0.5186 0.3184 0.0840 0.0664
2 0.3740 0.5026 0.0449 0.0859
2 0.3892 0.3737 0.0967 0.1016
2 0.8618 0.4551 0.1885 0.1758
2 0.4800 0.3783 0.0986 0.0924
