1 0.2588 0.0508 0.0166 0.0546
1 0.3385 0.0418 0.0139 0.0572
1 0.4435 0.6554 0.0774 0.2282
1 0.2424 0.0518 0.0146 0.0559
1 0.2728 0.0503 0.0144 0.0542
1 0.3116 0.0451 0.0141 0.0559
1 0.2977 0.0465 0.0141 0.0552
1 0.5918 0.6326 0.0536 0.0860
1 0.4236 0.8646 0.1181 0.2192
1 0.5133 0.6381 0.0499 0.0995
1 0.3533 0.0423 0.0122 0.0529
1 0.3239 0.0417 0.0154 0.0582
1 0.4936 0.4172 0.0154 0.0645
1 0.5026 0.4393 0.0151 0.0208
1 0.1008 0.3702 0.0201 0.0499
1 0.5594 0.4821 0.0459 0.2011
1 0.2279 0.0547 0.0169 0.0519
2 0.0892 0.8398 0.1262 0.1068
